	m00        mu02        mu11        mu20        mu03         mu12         mu21       mu30
a	119 1164.571429 -84 2274.705882 -728.448980 -1026.235294 -308.016807 2446.878893 
a	124 1205.870968 -30.129032 2439.120968 -703.298647 -1067.540583 -395.008325 2494.423127 
a	123 1167.365854 -47.073171 2372.747967 -531.112433 -1078.021416 -452.984335 2438.033181 
a	131 1288.229008 -13.320611 2523.648855 -480.553814 -1266.542218 -219.485170 2209.729619 
a	133 1385.879699 -148.030075 2644.992481 -613.045395 -1565.516988 -251.322856 2869.338459 
a	136 1391.970588 -149.147059 2739.264706 -485.410900 -1416.966263 -123.360727 2651.696367 
a	132 1438.931818 -4.045455 2349.969697 -943.639463 -1104.214187 49.953168 1834.372819 
a	135 1393.748148 -73.792593 2756.770370 -498.241097 -1471.545240 -98.636818 2912.923567 
a	140 1598.285714 -19.285714 2822.135714 -784.040816 -1806.130612 -186.112245 2787.464388 
a	140 1526.650000 -0.550000 2714.135714 -942.735000 -1262.826429 -354.086429 2689.078469 
c	90 1146.100000 30.133333 2120.622222 1137.586667 140.293333 1959.665185 1966.437531 
c	93 1103.892473 6.698925 2245.956989 1026.928431 197.642618 2210.382125 2830.876402 
c	94 1176.638298 30.404255 2258.989362 1268.803078 446.098687 2367.434133 1493.095518 
c	105 1342.190476 118.904762 2612.247619 1205.247166 268.595465 2273.259410 1681.748390 
c	107 1429.719626 138.766355 2676.971963 1552.374880 333.047602 2864.302909 1732.495414 
c	106 1477.962264 -11.415094 2469.433962 1329.658953 123.323959 2424.940904 2302.519758 
c	101 1398.217822 20.168317 2402.811881 1718.946770 199.583080 2208.885305 1922.797961 
c	109 1591.669725 59.284404 2501.449541 1336.862722 388.398283 2747.921050 1758.198973 
c	100 1374.840000 81.560000 2363.040000 1294.987200 232.524800 2304.763200 2286.748800 
c	100 1409.360000 92.080000 2329.240000 1409.702400 485.867200 2251.001600 1558.564800 
e	115 1540.991304 33.843478 2355.182609 950.800151 -301.788582 1310.901172 -830.352817 
e	113 1505.008850 43.008850 2283.008850 633.395881 -240.462526 1322.263137 -924.427128 
e	125 1601.728000 1.520000 2572.800000 510.233856 -63.960960 1252.489600 -1737.456000 
e	119 1630.352941 -21.941176 2335.747899 992.387543 -346.694513 1670.807217 -1382.213403 
e	118 1481.423729 -21.491525 2380.610169 598.241885 -415.194484 1367.895432 -1551.054295 
e	130 1722.530769 23.546154 2688.069231 849.213728 30.805207 1409.838580 -1446.565207 
e	129 1692.062016 -17.775194 2765.689922 612.821946 -200.863470 1531.029806 -1342.729163 
e	121 1512.198347 51.231405 2499.603306 557.892630 -389.340141 1474.818045 -1470.807322 
e	122 1681.901639 20.524590 2487.868852 706.006987 -411.829616 1382.949207 -1080.712712 
e	126 1673.277778 27.166667 2712.357143 539.901235 -36.306878 1614.396825 -959.598639 
m	189 9160.666667 -131.222222 4300.550265 632.814815 -6739.197531 750.635509 -4673.188657 
m	214 10967.439252 -570.224299 4982.210280 -3070.315661 -6539.034676 -78.234431 -3727.020875 
m	218 11003.197248 -380.568807 4809.779817 -934.388014 -5822.159078 1278.307466 -3648.395926 
m	223 11456.753363 -373.937220 5089.838565 1195.370026 -5873.412737 574.714110 -4064.843331 
m	206 10666.606796 -370.655340 4939.907767 -374.932416 -7047.664059 71.889999 -4383.814403 
m	226 11446.535398 -438.314159 5187.225664 1623.901245 -4950.489702 703.962252 -4236.689326 
m	217 11263.705069 -575.502304 5193.410138 -221.807089 -6653.259870 1064.533288 -3673.515131 
m	222 11239.121622 -385.189189 5016.738739 335.485026 -5781.072803 272.977112 -3023.113546 
m	201 10312.039801 -387.084577 4553.054726 6223.974209 -5539.757382 75.381203 -3389.535804 
m	205 10779.921951 -561.912195 4687.151220 -2960.061344 -7727.917573 483.512148 -4007.176776 
n	119 2255.731092 -231.512605 2654.991597 277.829108 -1574.175553 142.006214 -2436.544877 
n	125 2315.632000 -190.568000 2805.232000 576.307968 -1766.320832 -45.485632 -2320.386432 
n	136 2689.345588 -203.029412 2890.470588 272.226968 -1550.859429 -307.660900 -1859.896194 
n	140 2732.542857 -246.928571 3008.535714 904.537959 -1969.565306 52.517347 -1401.512755 
n	146 2904.417808 -243.417808 3142.417808 176.471946 -1751.458247 -326.007506 -1864.074686 
n	141 2747.702128 -143.212766 2968.609929 350.604799 -1644.614607 -273.411649 -1458.404809 
n	139 2659.136691 -288.546763 3120.187050 -321.087107 -1444.845815 748.030744 -2828.194917 
n	131 2618.595420 -294.809160 2848.381679 -229.735563 -1795.410058 -51.858283 -1304.113513 
n	142 2836.457746 -181.485915 3095.161972 -8.081730 -1658.855386 -83.076374 -1262.561397 
n	144 2847 -297.250000 3141.937500 -495.833333 -2124.125000 928.218750 -1921.955729 
o	123 2727.626016 16.373984 2443.626016 -875.780025 215.080838 150.268755 499.731245 
o	127 2873.606299 -22.488189 2536.834646 -612.181164 306.788270 459.515407 761.965404 
o	127 2807.212598 115.173228 2664.881890 -1302.816914 67.294997 276.445967 7.421415 
o	126 2798.801587 62.936508 2580.539683 -1063.556563 99.627614 369.181154 459.769715 
o	131 2878.412214 23.854962 2681.847328 -285.499446 -260.434532 412.827050 119.175922 
o	119 2546.789916 56.789916 2368.789916 -577.967234 468.789069 -596.689923 575.595791 
o	129 2928.093023 87.813953 2488.372093 72.691184 277.919957 43.927528 619.865873 
o	135 3004.992593 -72.340741 2830.325926 815.777668 1026.854211 -142.217394 248.562853 
o	134 3051.470149 120.776119 2753.820896 -457.133437 1099.558922 179.333705 635.771441 
o	132 3016.931818 11.590909 2569.545455 42.951446 693.435950 148.615702 -70.487603 
r	77 417.454545 371.909091 1847.532468 826.165289 1122.966942 201.817001 -3101.827964 
r	79 432.936709 355.341772 1906.354430 874.094536 1263.135075 182.432623 -3238.310848 
r	84 463.559524 387.309524 1978.809524 961.143141 1185.030045 103.375283 -3848.696145 
r	81 396.222222 336.518519 1844.987654 729.637860 1011.821674 394.357567 -2383.333029 
r	79 382.354430 334.911392 1799.772152 671.981734 998.567858 204.136517 -3243.489825 
r	85 424.188235 361.505882 1902.047059 715.971488 978.030727 147.634048 -3115.280554 
r	82 400.975610 324.878049 1840.890244 761.867936 982.754313 216.942296 -2686.947055 
r	82 400.975610 324.878049 1840.890244 761.867936 982.754313 216.942296 -2686.947055 
r	83 403.855422 328.313253 1844.987952 741.921904 965.273625 169.959355 -2814.313543 
r	85 479.176471 414.470588 1960.988235 962.657439 1206.168858 267.728720 -3185.948512 
s	95 632.800000 -55.400000 1931.305263 -160.560000 -310.183158 -166.061053 438.271247 
s	97 642.226804 -67.216495 2015.979381 -45.580614 -334.882984 -169.196514 487.189925 
s	99 636.444444 -83.555556 2035.353535 -129.283951 -358.738496 -1.384961 -485.471278 
s	102 649.294118 -73.176471 2060.205882 -133.972318 -174.757785 -18.498270 -440.418685 
s	105 673.657143 -33.885714 2375.961905 -43.136327 -249.697415 -168.164354 260.994467 
s	112 723.678571 -9.892857 2437.964286 -99.302296 -190.113520 -7.664541 -900.730867 
s	103 664.873786 -22.990291 2113.922330 -130.324253 -316.473937 -66.926949 347.260251 
s	107 683.514019 -2.485981 2317.514019 -49.356800 -284.814744 13.802079 714.493668 
s	104 694.836538 -44.576923 2173.846154 -109.149963 -343.198964 -238.628698 377.165680 
s	111 729.693694 34.450450 2384.396396 -216.124341 -430.176447 33.519682 421.067770 
x	122 1314.631148 -362.147541 3079.540984 -280.889008 -2127.680193 -78.478635 -660.512765 
x	130 1504.776923 -425.876923 3406.276923 -464.373728 -2051.352426 42.780118 -680.029349 
x	133 1500.706767 -297.466165 3401.669173 -549.639211 -1729.075753 -207.032902 -875.713381 
x	130 1356.492308 -271.676923 3228.930769 -544.946272 -1815.933491 63.237396 -1284.462959 
x	130 1489.076923 -410.846154 3300.807692 -534.497041 -1262.840237 196.627219 -2234.130178 
x	133 1592.631579 -372.631579 3305.203008 -136.487535 -2244.219232 11.798180 -701.759512 
x	131 1544.595420 -431.587786 3278.900763 -447.943826 -2156.154886 125.741274 -271.172659 
x	130 1588.492308 -343.507692 3294.492308 -706.632426 -2700.755503 -21.032426 -599.463195 
x	138 1698.384058 -273.014493 3535.623188 -728.688931 -2754.202058 -180.253518 -238.649443 
x	139 1788.517986 -326.460432 3612.187050 -593.775477 -2451.436986 -273.512448 -688.150406 
z	110 1141.900000 104.500000 2942.590909 223.680000 -880.690909 -101.400000 2324.107438 
z	111 1211.585586 179.018018 2931.477477 273.016638 -1130.230257 252.227011 2252.398669 
z	115 1207.947826 90.556522 3040.730435 507.630851 -1056.433422 -134.866692 991.389641 
z	122 1363.704918 -13.524590 3281.122951 332.783123 -1045.259876 115.119054 2525.814566 
z	127 1438.866142 -33.212598 3416.897638 312.025296 -721.235414 204.066588 2135.283155 
z	125 1410.032000 68.664000 3480.528000 559.333632 -872.179136 -83.963072 632.240256 
z	124 1452.387097 163.419355 3501.120968 466.370447 -1518.620187 137.414152 1992.697320 
z	122 1378.532787 157.270492 3442.106557 417.020962 -962.097554 293.781242 1742.744424 
z	123 1482.796748 271.113821 3334.016260 121.940644 -1551.637980 480.256131 3019.580144 
z	126 1498.928571 8.404762 3512.039683 597.931973 -1818.820862 -208.073318 1407.515999 
